FRANK-WOLFE ALGORITHM
iter; objective; relative_gap; alpha
1; 38489880.0000000000; 0.2019371288; 0.4757875458
2; 36079678.2714285702; 0.0318863376; 0.2224340959
3; 35920028.5823101923; 0.0164223657; 0.1173267320
4; 35877244.2373090237; 0.0142749601; 0.1667434174
5; 35824548.7923265100; 0.0115249520; 0.1038300063
6; 35798100.7983598709; 0.0067910692; 0.0429686170
7; 35791656.9615231752; 0.0039225205; 0.0402784950
8; 35788169.0337862298; 0.0058872479; 0.0768908720
9; 35778175.9932145700; 0.0051567435; 0.0368392286
10; 35773983.7393083423; 0.0036332074; 0.0531977907
11; 35769717.8628414869; 0.0043868529; 0.0314039952
12; 35766677.3123248145; 0.0028021416; 0.0314688543
13; 35764730.8925652727; 0.0031293576; 0.0322403888
14; 35762504.6653220877; 0.0033205165; 0.0222402135
15; 35760875.2012011558; 0.0021207541; 0.0212825846
16; 35759879.3542382717; 0.0027111296; 0.0403953437
17; 35757463.1233101189; 0.0030164166; 0.0222495634
18; 35755982.4009054676; 0.0019864508; 0.0297724810
19; 35754677.4798960835; 0.0025924137; 0.0193526779
20; 35753570.4992321730; 0.0018097720; 0.0123384825
21; 35753077.7653979212; 0.0015209633; 0.0153956213
22; 35752561.0683787614; 0.0020101622; 0.0304396212
23; 35751210.9367202744; 0.0022794811; 0.0169647024
24; 35750357.6511389315; 0.0014909882; 0.0229049435
25; 35749604.0503477603; 0.0020301952; 0.0151586068
26; 35748924.9354684427; 0.0013800376; 0.0093945607
27; 35748638.8227159679; 0.0012057816; 0.0128363382
28; 35748297.2578932121; 0.0016189010; 0.0231740900
29; 35747469.3407879919; 0.0017462567; 0.0129780614
30; 35746969.2313543111; 0.0012912266; 0.0167690127
31; 35746491.3821721748; 0.0014128335; 0.0104791551
32; 35746164.6894604936; 0.0012354711; 0.0058328348
33; 35746005.6659703478; 0.0008858707; 0.0129314537
34; 35745752.8978182077; 0.0016939021; 0.0125901423
35; 35745282.3339703307; 0.0011540604; 0.0169251187
36; 35744851.3182696924; 0.0015402985; 0.0113968640
37; 35744463.9562356398; 0.0010812978; 0.0165276626
38; 35744069.5791614726; 0.0014248349; 0.0107874240
39; 35743730.3909683675; 0.0011020806; 0.0127476202
40; 35743420.3484132439; 0.0010014660; 0.0074653408
41; 35743255.3885631263; 0.0010158204; 0.0149375042
42; 35742920.5714775547; 0.0013675905; 0.0101378915
43; 35742614.6488294229; 0.0009618627; 0.0147363193
44; 35742301.8712577075; 0.0012718989; 0.0096455700
45; 35742031.1529431194; 0.0009281720; 0.0063823856
46; 35741900.4252912104; 0.0007791206; 0.0081938705
47; 35741759.5460429564; 0.0010380371; 0.0119766576
48; 35741485.2118356079; 0.0009759447; 0.0073210997
49; 35741327.5668146387; 0.0008830830; 0.0135489445
50; 35741063.5650598481; 0.0011842056; 0.0089879917
51; 35740828.7134345919; 0.0008298272; 0.0057112774
52; 35740724.1348815411; 0.0006878859; 0.0071061125
53; 35740616.2729673162; 0.0009638318; 0.0147445383
54; 35740302.6934502944; 0.0011222044; 0.0085234862
55; 35740091.6325204372; 0.0007656842; 0.0119433715
56; 35739889.8366643265; 0.0010509366; 0.0079367868
57; 35739705.7753561810; 0.0007991540; 0.0057194656
58; 35739604.9101245105; 0.0006029496; 0.0063571214
59; 35739520.3328542933; 0.0008970527; 0.0092549656
60; 35739337.1484516189; 0.0008545553; 0.0091236507
61; 35739165.1096487269; 0.0008446085; 0.0088026609
62; 35739001.0553911552; 0.0007995038; 0.0084650441
63; 35738851.7105090991; 0.0007862567; 0.0116067945
64; 35738650.3306675926; 0.0009345594; 0.0065183792
65; 35738515.9050431028; 0.0006118363; 0.0094481109
66; 35738388.3458086848; 0.0009365991; 0.0062840109
67; 35738258.4708540887; 0.0006055625; 0.0070644621
68; 35738164.0731622279; 0.0006823835; 0.0051017946
69; 35738087.2613445297; 0.0006886168; 0.0107507788
70; 35737923.9154558033; 0.0009449542; 0.0071422937
71; 35737774.9983299002; 0.0006329918; 0.0098977758
72; 35737636.7547083274; 0.0008802091; 0.0066590666
73; 35737507.4204178751; 0.0006225803; 0.0041658352
74; 35737450.1903389245; 0.0005578286; 0.0058810586
75; 35737377.8004842699; 0.0007151046; 0.0104311999
76; 35737213.2080631331; 0.0008330423; 0.0062537501
77; 35737098.2581835687; 0.0006118687; 0.0062719217
78; 35737013.5788195282; 0.0006550525; 0.0066989937
79; 35736916.7453350574; 0.0006480486; 0.0044660382
80; 35736852.8801796734; 0.0004714679; 0.0044118749

FW final link flows vv:
(2,1): 5858.2639299846
(1,4): 5858.2639299846
(3,2): 5858.2639299846
(4,9): 5858.2639299846
(9,4): 2105.8669982899
(5,10): 1043.1995888600
(6,5): 4943.1995888600
(3,7): 17283.8169604143
(6,14): 10914.7195207411
(7,14): 9213.3412239340
(14,7): 329.8500683823
(7,19): 8400.3258048626
(8,9): 3900.0000000000
(9,8): 3900.0000000000
(11,8): 7800.0000000000
(9,12): 2434.2900883033
(9,10): 1794.1330017101
(10,9): 476.0261583186
(10,13): 567.1734305413
(11,22): 15650.2952231173
(11,12): 15549.7047768827
(12,15): 180.0003684559
(12,13): 11469.7044084268
(13,12): 1465.7099116967
(13,14): 4229.8500683823
(13,17): 5757.6058292618
(14,18): 9011.7727743024
(15,16): 180.0003684559
(22,16): 4172.5807735699
(16,17): 452.5811420258
(16,18): 3900.0000000000
(18,17): 1482.2485107827
(20,17): 107.5645179297
(18,21): 3629.5242635196
(22,20): 4007.5645179297
(20,21): 3900.0000000000
(24,21): 270.4757364804
(24,19): 3570.1499316177
(19,24): 4170.4757364804
(22,23): 7470.1499316177
(23,24): 3570.1499316177
(24,23): 3900.0000000000
(4,5): 2105.8669982899
(10,5): 1794.1330017101
(3,6): 15857.9191096010
(14,13): 7216.2879703727

DIRECT NONLINEAR EQUILIBRIUM SOLUTION
Direct objective: 35726066.7890864611
Comparison direct v and FW vv-v:
(2,1): direct=5881.2706502560 FW_minus_direct=-23.0067202713
(1,4): direct=5881.2706502560 FW_minus_direct=-23.0067202713
(3,2): direct=5881.2706502560 FW_minus_direct=-23.0067202713
(4,9): direct=5881.2706502560 FW_minus_direct=-23.0067202713
(9,4): direct=2106.2500000314 FW_minus_direct=-0.3830017415
(5,10): direct=994.8733801303 FW_minus_direct=48.3262087296
(6,5): direct=4894.8733801303 FW_minus_direct=48.3262087296
(3,7): direct=17310.2265313630 FW_minus_direct=-26.4095709486
(6,14): direct=10913.6294382507 FW_minus_direct=1.0900824903
(7,14): direct=9161.9057281273 FW_minus_direct=51.4354958067
(14,7): direct=0.0000000000 FW_minus_direct=329.8500683823
(7,19): direct=8148.3208032357 FW_minus_direct=252.0050016270
(8,9): direct=3900.0000000000 FW_minus_direct=-0.0000000000
(9,8): direct=3900.0000000000 FW_minus_direct=0.0000000000
(11,8): direct=7800.0000000000 FW_minus_direct=-0.0000000000
(9,12): direct=2433.1036703369 FW_minus_direct=1.1864179664
(9,10): direct=1793.7499999686 FW_minus_direct=0.3830017415
(10,9): direct=451.8330200809 FW_minus_direct=24.1931382377
(10,13): direct=543.0403600494 FW_minus_direct=24.1330704919
(11,22): direct=15853.3836188080 FW_minus_direct=-203.0883956907
(11,12): direct=15346.6163811920 FW_minus_direct=203.0883956907
(12,15): direct=0.0000000000 FW_minus_direct=180.0003684559
(12,13): direct=11446.6163811920 FW_minus_direct=23.0880272348
(13,12): direct=1466.8963296631 FW_minus_direct=-1.1864179664
(13,14): direct=3900.0000000000 FW_minus_direct=329.8500683823
(13,17): direct=5966.9180928881 FW_minus_direct=-209.3122636263
(14,18): direct=9031.3774850682 FW_minus_direct=-19.6047107659
(15,16): direct=0.0000000000 FW_minus_direct=180.0003684559
(22,16): direct=4153.3836188080 FW_minus_direct=19.1971547619
(16,17): direct=253.3836188080 FW_minus_direct=199.1975232178
(16,18): direct=3900.0000000000 FW_minus_direct=0.0000000000
(18,17): direct=1579.6982883039 FW_minus_direct=-97.4497775212
(20,17): direct=0.0000000000 FW_minus_direct=107.5645179297
(18,21): direct=3551.6791967643 FW_minus_direct=77.8450667553
(22,20): direct=3900.0000000000 FW_minus_direct=107.5645179297
(20,21): direct=3900.0000000000 FW_minus_direct=0.0000000000
(24,21): direct=348.3208032357 FW_minus_direct=-77.8450667553
(24,19): direct=3900.0000000000 FW_minus_direct=-329.8500683823
(19,24): direct=4248.3208032357 FW_minus_direct=-77.8450667553
(22,23): direct=7800.0000000000 FW_minus_direct=-329.8500683823
(23,24): direct=3900.0000000000 FW_minus_direct=-329.8500683823
(24,23): direct=3900.0000000000 FW_minus_direct=0.0000000000
(4,5): direct=2106.2500000314 FW_minus_direct=-0.3830017415
(10,5): direct=1793.7499999686 FW_minus_direct=0.3830017415
(3,6): direct=15808.5028183811 FW_minus_direct=49.4162912199
(14,13): direct=7144.1576813098 FW_minus_direct=72.1302890629
